>NTGASTCAYHNH	2-NTGASTCAYHNH,BestGuess:ATF3/ATF3/Homer(0.976)	5.327907	-902.136564	0	T:1303.0(35.06%),B:4367.5(9.52%),P:1e-391
0.301	0.213	0.316	0.170
0.001	0.001	0.001	0.997
0.001	0.003	0.935	0.061
0.956	0.009	0.027	0.008
0.010	0.400	0.433	0.157
0.020	0.001	0.001	0.978
0.292	0.706	0.001	0.001
0.982	0.013	0.001	0.004
0.161	0.271	0.201	0.367
0.356	0.224	0.179	0.240
0.216	0.271	0.315	0.198
0.202	0.259	0.190	0.349
>ATGASGTCAT	5-ATGASGTCAT,BestGuess:AP-1/AP-1/Homer(0.959)	4.718486	-170.656216	0	T:874.0(23.51%),B:5767.7(12.57%),P:1e-74
0.637	0.137	0.119	0.107
0.034	0.041	0.001	0.924
0.001	0.001	0.801	0.197
0.675	0.001	0.066	0.258
0.001	0.474	0.395	0.130
0.142	0.095	0.720	0.043
0.001	0.020	0.028	0.951
0.134	0.793	0.044	0.029
0.955	0.024	0.001	0.020
0.135	0.202	0.234	0.429
>RTCACATGAC	6-RTCACATGAC,BestGuess:MITF(bHLH)/MastCells-MITF-ChIP-Seq(GSE48085)/Homer(0.899)	3.953441	-168.217879	0	T:871.0(23.43%),B:5769.3(12.58%),P:1e-73
0.307	0.138	0.390	0.165
0.212	0.100	0.115	0.573
0.089	0.635	0.193	0.083
0.588	0.163	0.102	0.147
0.105	0.641	0.200	0.054
0.723	0.097	0.072	0.108
0.171	0.139	0.113	0.577
0.123	0.144	0.604	0.129
0.433	0.170	0.257	0.140
0.133	0.452	0.208	0.207
>ADGAGGAAGT	1-ADGAGGAAGT,BestGuess:PB0058.1_Sfpi1_1/Jaspar(0.966)	5.175680	-535.400744	0	T:1279.0(47.76%),B:9247.0(19.69%),P:1e-232
0.590	0.069	0.137	0.204
0.430	0.001	0.285	0.283
0.263	0.207	0.476	0.055
0.633	0.086	0.280	0.001
0.072	0.001	0.926	0.001
0.067	0.001	0.931	0.001
0.997	0.001	0.001	0.001
0.997	0.001	0.001	0.001
0.110	0.224	0.665	0.001
0.001	0.262	0.048	0.689
>AGTTTCACTTTC	3-AGTTTCACTTTC,BestGuess:IRF1(IRF)/PBMC-IRF1-ChIP-Seq(GSE43036)/Homer(0.942)	5.233691	-126.690157	0	T:513.0(19.16%),B:4343.0(9.25%),P:1e-55
0.476	0.104	0.253	0.167
0.208	0.197	0.402	0.193
0.102	0.113	0.177	0.608
0.015	0.054	0.104	0.827
0.004	0.020	0.001	0.975
0.068	0.623	0.107	0.202
0.544	0.088	0.204	0.164
0.136	0.436	0.246	0.182
0.129	0.001	0.001	0.869
0.092	0.021	0.155	0.732
0.065	0.223	0.001	0.711
0.234	0.524	0.107	0.135
>GTGACCTC	5-GTGACCTC,BestGuess:LXR-HALF/Artia-Nr2f2-ChIP-Seq(GSE46497)/Homer(0.916)	3.788540	-90.880759	0	T:1342.0(50.11%),B:17620.3(37.52%),P:1e-39
0.083	0.099	0.759	0.059
0.001	0.001	0.001	0.997
0.027	0.001	0.971	0.001
0.973	0.001	0.025	0.001
0.072	0.910	0.001	0.017
0.039	0.923	0.018	0.020
0.081	0.057	0.014	0.848
0.050	0.766	0.093	0.091
>GGTTACGTAA	8-GGTTACGTAA,BestGuess:TEF/MA0843.1/Jaspar(0.906)	3.322973	-57.337891	0	T:887.0(33.12%),B:11358.9(24.19%),P:1e-24
0.136	0.096	0.650	0.118
0.105	0.108	0.690	0.097
0.065	0.092	0.094	0.749
0.097	0.112	0.102	0.689
0.662	0.114	0.112	0.112
0.091	0.718	0.078	0.113
0.113	0.079	0.690	0.118
0.128	0.109	0.100	0.663
0.733	0.093	0.083	0.091
0.760	0.087	0.075	0.078
>TGACCCAAAGTAAC	4-TGACCCAAAGTAAC,BestGuess:LXRE(NR),DR4/RAW-LXRb.biotin-ChIP-Seq(GSE21512)/Homer(0.781)	6.874979	-55.030675	0	T:79.0(2.95%),B:339.4(0.72%),P:1e-23
0.070	0.030	0.050	0.850
0.080	0.040	0.850	0.030
0.830	0.050	0.070	0.050
0.050	0.810	0.110	0.030
0.100	0.790	0.030	0.080
0.150	0.740	0.050	0.060
0.800	0.050	0.060	0.090
0.660	0.071	0.189	0.080
0.820	0.040	0.090	0.050
0.070	0.080	0.800	0.050
0.130	0.110	0.020	0.740
0.670	0.100	0.160	0.070
0.850	0.060	0.050	0.040
0.070	0.790	0.110	0.030
